2067604
2073600
0.9971084104938271
2067604
2073600
0.9971084104938271
2067604
2073600
0.9971084104938271
2067604
2073600
0.9971084104938271
2067604
2073600
0.9971084104938271
1525439
2073600
0.7356476658950617
1525471
2073600
0.7356630979938271
1523366
2073600
0.7346479552469136
1524351
2073600
0.735122974537037
1525563
2073600
0.7357074652777778
1525249
2073600
0.735556037808642
1525077
2073600
0.7354730902777777
1527658
2073600
0.7367177854938272
1529440
2073600
0.7375771604938272
1530227
2073600
0.7379566936728396
1527550
2073600
0.7366657021604939
1524045
2073600
0.7349754050925926
1521531
2073600
0.7337630208333333
1522679
2073600
0.7343166473765432
1523109
2073600
0.7345240162037037
1524334
2073600
0.7351147762345679
1527985
2073600
0.7368754822530864
1528365
2073600
0.737058738425926
1530183
2073600
0.737935474537037
1532723
2073600
0.7391603973765432
1532300
2073600
0.7389564043209876
1534711
2073600
0.7401191165123456
1539623
2073600
0.7424879436728395
1541438
2073600
0.7433632330246913
1540527
2073600
0.742923900462963
1534514
2073600
0.740024112654321
1535578
2073600
0.7405372299382716
1536449
2073600
0.7409572723765432
1534996
2073600
0.7402565586419753
1536738
2073600
0.7410966435185186
1536899
2073600
0.7411742862654321
1536746
2073600
0.7411005015432098
1534012
2073600
0.7397820216049382
1532813
2073600
0.739203800154321
1532021
2073600
0.7388218557098766
1532861
2073600
0.7392269483024692
1532339
2073600
0.738975212191358
1534088
2073600
0.7398186728395062
1536653
2073600
0.7410556520061728
1535337
2073600
0.7404210069444445
1532657
2073600
0.7391285686728395
1531670
2073600
0.7386525848765432
1535151
2073600
0.7403313078703704
1537255
2073600
0.7413459683641975
1537464
2073600
0.7414467592592593
1534766
2073600
0.7401456404320987
1537099
2073600
0.741270736882716
1535559
2073600
0.7405280671296296
1532046
2073600
0.7388339120370371
1525952
2073600
0.735895061728395
1522984
2073600
0.7344637345679013
1522030
2073600
0.7340036651234568
1523228
2073600
0.7345814043209876
1520150
2073600
0.7330970293209876
1519768
2073600
0.7329128086419753
1516477
2073600
0.7313257137345679
1516538
2073600
0.7313551311728395
1513404
2073600
0.72984375
1512242
2073600
0.7292833719135803
1513163
2073600
0.7297275270061728
1513150
2073600
0.7297212577160493
1511916
2073600
0.7291261574074074
1510820
2073600
0.7285976080246913
1512527
2073600
0.7294208140432099
1513019
2073600
0.7296580825617284
1511938
2073600
0.7291367669753086
1514123
2073600
0.7301904899691358
1512765
2073600
0.7295355902777778
1516288
2073600
0.7312345679012345
1514651
2073600
0.7304451195987655
1519136
2073600
0.732608024691358
1515349
2073600
0.7307817322530864
1515232
2073600
0.7307253086419753
1511831
2073600
0.7290851658950618
1511505
2073600
0.7289279513888889
1508315
2073600
0.7273895640432099
1505270
2073600
0.7259211033950618
1499074
2073600
0.7229330632716049
1496687
2073600
0.7217819251543209
1499032
2073600
0.7229128086419753
1494028
2073600
0.7204996141975308
1495564
2073600
0.7212403549382717
1489716
2073600
0.7184201388888889
1498062
2073600
0.7224450231481482
1495546
2073600
0.7212316743827161
1503236
2073600
0.7249402006172839
1491030
2073600
0.7190538194444445
1489202
2073600
0.7181722608024691
1503369
2073600
0.7250043402777778
1508576
2073600
0.7275154320987655
1514885
2073600
0.7305579668209876
1511819
2073600
0.7290793788580247
1512499
2073600
0.7294073109567901
1515150
2073600
0.7306857638888888
1513480
2073600
0.7298804012345679
1513541
2073600
0.7299098186728395
1512532
2073600
0.729423225308642
1509326
2073600
0.7278771219135802
1509698
2073600
0.7280565200617284
1509540
2073600
0.7279803240740741
1508426
2073600
0.7274430941358024
1509699
2073600
0.7280570023148148
1506667
2073600
0.7265948109567901
1506272
2073600
0.7264043209876543
1511174
2073600
0.728768325617284
1512007
2073600
0.7291700424382717
1505127
2073600
0.7258521412037037
1507887
2073600
0.7271831597222222
1499234
2073600
0.7230102237654321
1498959
2073600
0.7228776041666667
1496088
2073600
0.7214930555555555
1498336
2073600
0.7225771604938271
1498624
2073600
0.722716049382716
1503678
2073600
0.7251533564814815
1502991
2073600
0.7248220486111111
1505550
2073600
0.7260561342592593
1510721
2073600
0.7285498649691358
1511622
2073600
0.728984375
1513545
2073600
0.7299117476851852
1512627
2073600
0.7294690393518518
1509902
2073600
0.728154899691358
1510785
2073600
0.7285807291666667
1512496
2073600
0.7294058641975308
1506661
2073600
0.7265919174382716
1505755
2073600
0.7261549961419753
1508240
2073600
0.7273533950617284
1506577
2073600
0.7265514081790123
1506303
2073600
0.7264192708333334
1509471
2073600
0.7279470486111111
1507226
2073600
0.7268643904320987
1511947
2073600
0.7291411072530865
1515774
2073600
0.7309866898148148
1518018
2073600
0.7320688657407407
1516239
2073600
0.7312109375
1514683
2073600
0.7304605516975309
1520474
2073600
0.7332532793209876
1516616
2073600
0.7313927469135802
1520423
2073600
0.7332286844135802
1513199
2073600
0.729744888117284
1518694
2073600
0.7323948688271605
1514594
2073600
0.7304176311728395
1522132
2073600
0.7340528549382717
1517613
2073600
0.7318735532407408
1522731
2073600
0.734341724537037
1517443
2073600
0.7317915702160493
1519456
2073600
0.7327623456790123
1509974
2073600
0.7281896219135803
1516430
2073600
0.7313030478395062
1511125
2073600
0.7287446952160493
1516006
2073600
0.7310985725308642
1509811
2073600
0.7281110146604939
1508753
2073600
0.7276007908950617
1496183
2073600
0.7215388695987655
1500505
2073600
0.7236231674382716
1490109
2073600
0.7186096643518518
1497781
2073600
0.7223095100308642
1493017
2073600
0.7200120563271605
1512417
2073600
0.7293677662037037
1509864
2073600
0.7281365740740741
1510302
2073600
0.7283478009259259
1513784
2073600
0.7300270061728396
1511758
2073600
0.7290499614197531
1513016
2073600
0.7296566358024691
1514935
2073600
0.7305820794753086
1513631
2073600
0.7299532214506173
1513709
2073600
0.729990837191358
1513016
2073600
0.7296566358024691
1510981
2073600
0.7286752507716049
1497331
2073600
0.7220924961419753
1495261
2073600
0.7210942322530864
1497009
2073600
0.7219372106481482
1501185
2073600
0.7239510995370371
1499891
2073600
0.7233270640432099
1499431
2073600
0.7231052276234567
1497462
2073600
0.7221556712962963
1500032
2073600
0.7233950617283951
1498494
2073600
0.7226533564814814
1501011
2073600
0.7238671875
1501205
2073600
0.7239607445987655
1500739
2073600
0.7237360146604939
1506988
2073600
0.7267496141975308
1505959
2073600
0.726253375771605
1502344
2073600
0.7245100308641975
1500112
2073600
0.7234336419753087
1499237
2073600
0.7230116705246914
1502499
2073600
0.7245847800925926
1499805
2073600
0.7232855902777777
1504747
2073600
0.7256688850308642
1507178
2073600
0.7268412422839506
1503560
2073600
0.725096450617284
1502340
2073600
0.7245081018518519
1504084
2073600
0.7253491512345679
1500792
2073600
0.723761574074074
1503028
2073600
0.7248398919753086
1501930
2073600
0.7243103780864197
1506710
2073600
0.7266155478395062
1510167
2073600
0.7282826967592593
1513561
2073600
0.729919463734568
1516269
2073600
0.7312254050925926
1524326
2073600
0.7351109182098765
1529852
2073600
0.7377758487654321
1541522
2073600
0.7434037422839506
1542863
2073600
0.7440504436728395
1548291
2073600
0.7466681134259259
1543514
2073600
0.7443643904320988
1544305
2073600
0.7447458526234568
1543639
2073600
0.7444246720679012
1545865
2073600
0.7454981674382716
1545782
2073600
0.7454581404320988
1547062
2073600
0.746075424382716
1547810
2073600
0.7464361496913581
1546686
2073600
0.7458940972222222
1547042
2073600
0.7460657793209876
1545106
2073600
0.745132137345679
1545417
2073600
0.7452821180555556
1544142
2073600
0.7446672453703703
1534442
2073600
0.7399893904320988
1530850
2073600
0.738257137345679
1527206
2073600
0.7364998070987654
1522809
2073600
0.7343793402777777
1522881
2073600
0.7344140625
1519462
2073600
0.7327652391975309
1516371
2073600
0.7312745949074074
1515817
2073600
0.7310074266975308
1520135
2073600
0.7330897955246913
1520426
2073600
0.7332301311728395
1521831
2073600
0.7339076967592593
1521138
2073600
0.7335734953703704
1525040
2073600
0.7354552469135802
1524512
2073600
0.7352006172839506
1525632
2073600
0.7357407407407407
1522975
2073600
0.7344593942901234
1527893
2073600
0.7368311149691358
1527966
2073600
0.7368663194444445
1528811
2073600
0.7372738233024692
1527416
2073600
0.7366010802469136
1526385
2073600
0.7361038773148149
1526947
2073600
0.7363749035493827
1527356
2073600
0.7365721450617284
1527405
2073600
0.736595775462963
1526882
2073600
0.7363435570987654
1524996
2073600
0.7354340277777778
1522418
2073600
0.7341907793209876
1524340
2073600
0.7351176697530865
1528082
2073600
0.7369222608024691
1529050
2073600
0.7373890817901234
1531458
2073600
0.7385503472222222
1534801
2073600
0.7401625192901234
1528431
2073600
0.7370905671296296
1532124
2073600
0.7388715277777778
1532967
2073600
0.7392780671296296
1549851
2073600
0.7474204282407407
1550181
2073600
0.7475795717592593
1555934
2073600
0.7503539737654321
1559568
2073600
0.7521064814814815
1556006
2073600
0.7503886959876543
1561506
2073600
0.753041087962963
1561377
2073600
0.7529788773148148
1563435
2073600
0.7539713541666667
1567687
2073600
0.7560218942901235
1566604
2073600
0.7554996141975309
1569863
2073600
0.7570712770061728
1570054
2073600
0.757163387345679
1570263
2073600
0.7572641782407408
1570645
2073600
0.7574483989197531
1566992
2073600
0.7556867283950617
1570259
2073600
0.757262249228395
1570853
2073600
0.7575487075617284
1571788
2073600
0.7579996141975308
1570060
2073600
0.7571662808641976
1571830
2073600
0.7580198688271605
1570501
2073600
0.7573789544753087
1571082
2073600
0.7576591435185185
1571282
2073600
0.7577555941358025
1568141
2073600
0.756240837191358
1566516
2073600
0.7554571759259259
1559584
2073600
0.7521141975308642
1557876
2073600
0.7512905092592592
1546568
2073600
0.7458371913580247
1548018
2073600
0.7465364583333334
1538878
2073600
0.7421286651234568
1544646
2073600
0.7449103009259259
1542058
2073600
0.7436622299382716
1547809
2073600
0.7464356674382716
1543560
2073600
0.744386574074074
1545618
2073600
0.7453790509259259
1539794
2073600
0.7425704089506173
1543557
2073600
0.7443851273148148
1534677
2073600
0.7401027199074074
1537369
2073600
0.7414009452160494
1534402
2073600
0.739970100308642
1534435
2073600
0.7399860146604939
1531716
2073600
0.7386747685185185
1531129
2073600
0.7383916859567902
1529910
2073600
0.7378038194444444
1534027
2073600
0.7397892554012345
1530084
2073600
0.7378877314814815
1532549
2073600
0.7390764853395062
1528011
2073600
0.7368880208333334
1530789
2073600
0.7382277199074074
1525821
2073600
0.7358318865740741
1527196
2073600
0.7364949845679012
1532967
2073600
0.7392780671296296
1526141
2073600
0.7359862075617284
1527236
2073600
0.736514274691358
1525467
2073600
0.7356611689814815
1526709
2073600
0.7362601273148148
1525811
2073600
0.7358270640432099
1525553
2073600
0.7357026427469135
1526677
2073600
0.7362446952160494
1525642
2073600
0.7357455632716049
1526403
2073600
0.7361125578703703
1518886
2073600
0.7324874614197531
1515955
2073600
0.7310739776234568
1513428
2073600
0.729855324074074
1523975
2073600
0.7349416473765432
1525636
2073600
0.7357426697530864
1535247
2073600
0.7403776041666666
1525491
2073600
0.7356727430555555
1525127
2073600
0.7354972029320987
1517532
2073600
0.7318344907407407
1520034
2073600
0.733041087962963
1517885
2073600
0.7320047260802469
1532023
2073600
0.7388228202160494
1535593
2073600
0.740544463734568
1540790
2073600
0.7430507330246914
1523339
2073600
0.7346349344135803
1525066
2073600
0.7354677854938272
1512119
2073600
0.7292240547839506
1520152
2073600
0.7330979938271605
1509431
2073600
0.7279277584876543
1513791
2073600
0.7300303819444445
1521001
2073600
0.7335074266975309
1539235
2073600
0.7423008294753086
1548413
2073600
0.7467269483024691
1548542
2073600
0.7467891589506173
1540326
2073600
0.7428269675925926
1539483
2073600
0.7424204282407407
1538167
2073600
0.7417857831790123
1541666
2073600
0.743473186728395
1530968
2073600
0.7383140432098766
1535372
2073600
0.7404378858024692
1525973
2073600
0.7359051890432099
1529264
2073600
0.7374922839506173
1521239
2073600
0.7336222029320988
1521251
2073600
0.7336279899691358
1512798
2073600
0.7295515046296296
1512636
2073600
0.7294733796296297
1503994
2073600
0.7253057484567901
1506443
2073600
0.7264867862654321
1501141
2073600
0.7239298804012345
1500710
2073600
0.7237220293209876
1505329
2073600
0.7259495563271605
1523031
2073600
0.734486400462963
1550223
2073600
0.7475998263888889
1550514
2073600
0.7477401620370371
1542798
2073600
0.7440190972222223
1543422
2073600
0.7443200231481482
1547761
2073600
0.7464125192901234
1544121
2073600
0.7446571180555556
1537909
2073600
0.741661361882716
1538930
2073600
0.7421537422839506
1534827
2073600
0.7401750578703704
1534729
2073600
0.7401277970679012
1536006
2073600
0.7407436342592593
1536102
2073600
0.7407899305555555
1535121
2073600
0.7403168402777778
1532513
2073600
0.739059124228395
1534758
2073600
0.7401417824074074
1527454
2073600
0.7366194058641975
1533986
2073600
0.7397694830246914
1533440
2073600
0.7395061728395061
1536648
2073600
0.7410532407407407
1536961
2073600
0.7412041859567902
1537515
2073600
0.7414713541666667
1532785
2073600
0.7391902970679012
1546358
2073600
0.7457359182098765
1543890
2073600
0.7445457175925926
1545462
2073600
0.7453038194444445
1563537
2073600
0.7540205439814814
1549127
2073600
0.7470712770061728
1553880
2073600
0.749363425925926
1544873
2073600
0.7450197723765432
1551276
2073600
0.7481076388888889
1539779
2073600
0.742563175154321
1536543
2073600
0.7410026041666666
1527219
2073600
0.7365060763888889
1529129
2073600
0.7374271797839507
1526157
2073600
0.7359939236111112
1536072
2073600
0.7407754629629629
1532218
2073600
0.7389168595679012
1542788
2073600
0.7440142746913581
1546765
2073600
0.7459321952160494
1541422
2073600
0.7433555169753087
1537723
2073600
0.741571662808642
1542221
2073600
0.743740837191358
1542797
2073600
0.7440186149691358
1543808
2073600
0.7445061728395062
1541242
2073600
0.743268711419753
1540759
2073600
0.7430357831790123
1532260
2073600
0.7389371141975308
1535765
2073600
0.7406274112654321
1528837
2073600
0.737286361882716
1536454
2073600
0.7409596836419753
1535433
2073600
0.7404673032407407
1536209
2073600
0.7408415316358025
1528419
2073600
0.7370847800925926
1531895
2073600
0.7387610918209877
1526918
2073600
0.7363609182098766
1524524
2073600
0.7352064043209876
1525058
2073600
0.7354639274691358
1527122
2073600
0.7364592978395061
1534824
2073600
0.7401736111111111
1541960
2073600
0.7436149691358025
1542743
2073600
0.7439925733024692
1539040
2073600
0.7422067901234568
1539462
2073600
0.742410300925926
1539096
2073600
0.7422337962962963
1539278
2073600
0.7423215663580247
1539591
2073600
0.7424725115740741
1538838
2073600
0.742109375
1540937
2073600
0.7431216242283951
1540532
2073600
0.7429263117283951
1536034
2073600
0.740757137345679
1540085
2073600
0.7427107445987654
1532555
2073600
0.7390793788580247
1538081
2073600
0.7417443094135803
1544697
2073600
0.7449348958333334
1537140
2073600
0.7412905092592592
1544405
2073600
0.7447940779320987
1541723
2073600
0.743500675154321
1550661
2073600
0.7478110532407407
1548663
2073600
0.746847511574074
1555059
2073600
0.7499320023148148
1557811
2073600
0.751259162808642
1565674
2073600
0.7550511188271605
1561364
2073600
0.7529726080246913
1569325
2073600
0.756811824845679
1567418
2073600
0.7558921682098766
1573634
2073600
0.7588898533950618
1569514
2073600
0.7569029706790124
1574513
2073600
0.7593137538580247
1562736
2073600
0.7536342592592593
1565615
2073600
0.7550226658950617
1559882
2073600
0.7522579089506173
1572453
2073600
0.7583203125
1570016
2073600
0.757145061728395
1577520
2073600
0.7607638888888889
1570746
2073600
0.7574971064814815
1573975
2073600
0.7590543016975309
1573799
2073600
0.758969425154321
1578069
2073600
0.7610286458333333
1582921
2073600
0.763368537808642
1576957
2073600
0.7604923804012346
1579259
2073600
0.7616025270061728
1573244
2073600
0.758701774691358
1568482
2073600
0.7564052854938271
1564362
2073600
0.7544184027777778
1564147
2073600
0.7543147183641975
1564824
2073600
0.7546412037037037
1566689
2073600
0.7555406057098766
1565671
2073600
0.7550496720679012
1569645
2073600
0.7569661458333333
1571361
2073600
0.7577936921296297
1573390
2073600
0.7587721836419753
1571331
2073600
0.757779224537037
1572055
2073600
0.758128375771605
1572407
2073600
0.7582981288580247
1576134
2073600
0.7600954861111111
1578089
2073600
0.7610382908950617
1572493
2073600
0.7583396026234568
1575789
2073600
0.7599291087962963
1575021
2073600
0.7595587384259259
1576225
2073600
0.7601393711419753
1574819
2073600
0.7594613233024692
1573516
2073600
0.7588329475308642
1575862
2073600
0.759964313271605
1575268
2073600
0.7596778549382716
1577474
2073600
0.7607417052469135
1574820
2073600
0.7594618055555555
1573814
2073600
0.7589766589506173
1572316
2073600
0.7582542438271604
1574600
2073600
0.7593557098765432
1576174
2073600
0.7601147762345679
1575180
2073600
0.7596354166666667
1578475
2073600
0.7612244405864198
1578562
2073600
0.7612663966049382
1581941
2073600
0.7628959297839506
1579968
2073600
0.7619444444444444
1580904
2073600
0.7623958333333334
1576801
2073600
0.7604171489197531
1577333
2073600
0.7606737075617284
1575909
2073600
0.7599869791666667
1576964
2073600
0.7604957561728395
1575372
2073600
0.7597280092592592
1579011
2073600
0.7614829282407407
1574651
2073600
0.7593803047839506
1578030
2073600
0.761009837962963
1580898
2073600
0.7623929398148148
1580593
2073600
0.7622458526234568
1580012
2073600
0.7619656635802469
1576668
2073600
0.7603530092592593
1574815
2073600
0.7594593942901234
1576117
2073600
0.760087287808642
1568629
2073600
0.7564761766975309
1569340
2073600
0.7568190586419753
1570232
2073600
0.7572492283950617
1583332
2073600
0.7635667438271605
1573681
2073600
0.7589125192901235
1570231
2073600
0.7572487461419753
1566286
2073600
0.7553462577160494
1566944
2073600
0.7556635802469136
1566717
2073600
0.7555541087962963
1566737
2073600
0.7555637538580247
1561497
2073600
0.7530367476851851
1560827
2073600
0.752713638117284
1555558
2073600
0.7501726466049383
1555960
2073600
0.750366512345679
1551839
2073600
0.7483791473765432
1554767
2073600
0.7497911844135803
1550382
2073600
0.7476765046296296
1551668
2073600
0.7482966820987654
1552627
2073600
0.748759162808642
1553462
2073600
0.7491618441358024
1550898
2073600
0.7479253472222223
1552151
2073600
0.7485296103395062
1551239
2073600
0.7480897955246913
1547021
2073600
0.7460556520061729
1543177
2073600
0.7442018711419753
1539105
2073600
0.7422381365740741
1539077
2073600
0.7422246334876543
1539537
2073600
0.7424464699074074
1536877
2073600
0.7411636766975309
1537658
2073600
0.7415403163580246
1535563
2073600
0.7405299961419753
1538141
2073600
0.7417732445987655
1540616
2073600
0.7429668209876543
1546763
2073600
0.7459312307098765
1543791
2073600
0.744497974537037
1548424
2073600
0.7467322530864198
1548871
2073600
0.7469478202160493
1551114
2073600
0.7480295138888889
1552863
2073600
0.748872974537037
1554153
2073600
0.7494950810185185
1555503
2073600
0.7501461226851852
1560687
2073600
0.7526461226851852
1557745
2073600
0.7512273341049382
1565732
2073600
0.7550790895061729
1561415
2073600
0.7529972029320988
1570875
2073600
0.7575593171296297
1574112
2073600
0.7591203703703704
1580459
2073600
0.7621812307098765
1573409
2073600
0.7587813464506172
1569036
2073600
0.7566724537037037
1568249
2073600
0.7562929205246913
1568513
2073600
0.7564202353395062
1568573
2073600
0.7564491705246914
1567149
2073600
0.7557624421296296
1561357
2073600
0.7529692322530864
1555614
2073600
0.7501996527777778
1546235
2073600
0.7456766010802469
1541894
2073600
0.7435831404320987
1540637
2073600
0.7429769483024692
1538000
2073600
0.7417052469135802
1538920
2073600
0.7421489197530864
1536478
2073600
0.7409712577160494
1536711
2073600
0.7410836226851852
1539378
2073600
0.7423697916666666
1534919
2073600
0.740219425154321
1538047
2073600
0.7417279128086419
1530736
2073600
0.7382021604938271
1535239
2073600
0.7403737461419753
1529612
2073600
0.7376601080246914
1531287
2073600
0.7384678819444445
1527279
2073600
0.7365350115740741
1524474
2073600
0.7351822916666667
1519577
2073600
0.7328206983024691
1515885
2073600
0.7310402199074074
1516499
2073600
0.7313363233024691
1518433
2073600
0.732269000771605
1517854
2073600
0.7319897762345678
1515987
2073600
0.7310894097222222
1514909
2073600
0.7305695408950618
1516225
2073600
0.7312041859567902
1517590
2073600
0.7318624614197531
1515640
2073600
0.7309220679012346
1522869
2073600
0.734408275462963
1525591
2073600
0.7357209683641975
1522977
2073600
0.7344603587962963
1524066
2073600
0.7349855324074074
1520296
2073600
0.7331674382716049
1525306
2073600
0.7355835262345679
1525584
2073600
0.7357175925925926
1521967
2073600
0.7339732831790123
1521254
2073600
0.7336294367283951
1519870
2073600
0.7329619984567901
1520024
2073600
0.7330362654320988
1523056
2073600
0.7344984567901235
1519994
2073600
0.7330217978395062