0.9971
0.9971
0.9971
0.9971
0.9971
0.7355
0.7356
0.7346
0.7350
0.7356
0.7355
0.7354
0.7366
0.7375
0.7379
0.7366
0.7349
0.7337
0.7342
0.7345
0.7350
0.7368
0.7370
0.7379
0.7391
0.7336
0.7359
0.7367
0.7376
0.7357
0.7356
0.7339
0.7331
0.7321
0.7342
0.7348
0.7331
0.7323
0.7339
0.7333
0.7340
0.7339
0.7348
0.7340
0.7345
0.7317
0.7337
0.7349
0.7345
0.7379
0.7340
0.7361
0.7405
0.7388
0.7358
0.7344
0.7339
0.7345
0.7330
0.7329
0.7313
0.7313
0.7298
0.7292
0.7297
0.7297
0.7291
0.7285
0.7294
0.7296
0.7291
0.7301
0.7295
0.7312
0.7304
0.7325
0.7307
0.7307
0.7290
0.7289
0.7273
0.7259
0.7229
0.7217
0.7229
0.7204
0.7212
0.7184
0.7224
0.7211
0.7249
0.7190
0.7181
0.7249
0.7274
0.7305
0.7290
0.7293
0.7306
0.7298
0.7298
0.7294
0.7278
0.7280
0.7279
0.7274
0.7280
0.7265
0.7263
0.7287
0.7291
0.7258
0.7271
0.7229
0.7228
0.7214
0.7225
0.7227
0.7251
0.7248
0.7260
0.7285
0.7289
0.7298
0.7294
0.7281
0.7285
0.7293
0.7265
0.7260
0.7272
0.7264
0.7263
0.7278
0.7268
0.7291
0.7309
0.7320
0.7312
0.7304
0.7332
0.7313
0.7332
0.7297
0.7323
0.7304
0.7340
0.7318
0.7343
0.7317
0.7327
0.7281
0.7312
0.7287
0.7310
0.7280
0.7275
0.7214
0.7235
0.7185
0.7222
0.7199
0.7293
0.7280
0.7283
0.7299
0.7290
0.7296
0.7305
0.7299
0.7299
0.7296
0.7286
0.7220
0.7210
0.7219
0.7239
0.7233
0.7230
0.7221
0.7233
0.7226
0.7238
0.7239
0.7237
0.7267
0.7262
0.7244
0.7234
0.7229
0.7245
0.7232
0.7256
0.7268
0.7250
0.7245
0.7253
0.7237
0.7248
0.7243
0.7266
0.7282
0.7299
0.7312
0.7351
0.7377
0.7434
0.7439
0.7464
0.7364
0.7381
0.7396
0.7356
0.7387
0.7406
0.7419
0.7422
0.7392
0.7399
0.7399
0.7388
0.7347
0.7382
0.7350
0.7266
0.7291
0.7256
0.7215
0.7238
0.7282
0.7262
0.7280
0.7264
0.7293
0.7292
0.7294
0.7296
0.7317
0.7330
0.7316
0.7303
0.7279
0.7296
0.7297
0.7282
0.7281
0.7277
0.7274
0.7273
0.7285
0.7294
0.7311
0.7356
0.7315
0.7315
0.7332
0.7414
0.7423
0.7450
0.7447
0.7446
0.7470
0.7465
0.7493
0.7501
0.7508
0.7519
0.7540
0.7521
0.7536
0.7521
0.7547
0.7534
0.7580
0.7545
0.7539
0.7573
0.7576
0.7577
0.7562
0.7554
0.7521
0.7512
0.7458
